IBxx = 2.63751918806+/-0.0
IBxz = 0.65355108991+/-0.0
IByy = 4.27679806219+/-0.0
IBzz = 1.94277851254+/-0.0
IFxx = 0.0816+/-0.0
IFyy = 0.1566+/-0.0
IHxx = 0.343873849682+/-0.0
IHxz = -0.0918999164196+/-0.0
IHyy = 0.339925043172+/-0.0
IHzz = 0.10310836332+/-0.0
IRxx = 0.0764+/-0.0
IRyy = 0.1403+/-0.0
c = 0.07993715+/-0.0
g = 9.81+/-0.0
lam = 0.3752458+/-0.0
mB = 22.9+/-0.0
mF = 1.993+/-0.0
mH = 3.64042+/-0.0
mR = 4.175+/-0.0
rF = 0.353+/-0.0
rR = 0.353+/-0.0
v = 1.0+/-0.0
w = 1.108+/-0.0
xB = 0.334844476225+/-0.0
xH = 0.818396445062+/-0.0
zB = -0.735628402212+/-0.0
zH = -0.98585673135+/-0.0